0.5624855756759644
0.4728028178215027
0.42120638489723206
0.30743837356567383
0.16052958369255066
0.08539946377277374
0.0574377179145813
0.04155855253338814
0.03407704830169678
0.02813187800347805
0.026227395981550217
0.023013759404420853
0.02165011130273342
0.02007344737648964
0.019127612933516502
0.017667638137936592
0.0171979870647192
0.0161428302526474
0.01737247034907341
0.01596021093428135
0.016267351806163788
0.014237558469176292
0.014600737020373344
0.014716844074428082
0.013754679821431637
